Isaac,Newton,56,4451234567,,,
Albert,Einstein,67,4451245767,,,
Alan ,Turing,42,4456585767,,,
,,,,,,
,,,,,,
,,,,,,
,,,,,,
,,,,,,
